BoneCount: 49
RootBone: 0
BoneName: RootNode
BoneIndex: 0
BoneParentIndex: -1
BoneChildCount: 2
1
48
1.000000 0.000000 -0.000000 0.000000
0.000000 1.000000 -0.000000 0.000000
-0.000000 -0.000000 1.000000 -0.000000
0.000000 0.000000 -0.000000 1.000000
1.000000 0.000000 0.000000 0.000000
0.000000 1.000000 0.000000 0.000000
0.000000 0.000000 1.000000 0.000000
0.000000 0.000000 0.000000 1.000000
BoneName: mixamorig:Hips
BoneIndex: 1
BoneParentIndex: 0
BoneChildCount: 3
2
38
43
1.000000 0.000000 -0.000000 0.000000
0.000000 1.000000 -0.000000 0.000000
-0.000000 -0.000000 1.000000 -0.000000
0.000000 1.087860 0.002133 1.000000
1.000000 -0.000002 0.000000 0.000000
0.000002 1.000000 0.000000 0.000000
-0.000000 0.000000 1.000000 -0.000000
-0.000002 -1.087860 -0.002133 1.000000
BoneName: mixamorig:Spine
BoneIndex: 2
BoneParentIndex: 1
BoneChildCount: 1
3
1.000000 -0.000002 0.000000 0.000000
0.000002 0.999695 0.024695 0.000000
-0.000000 -0.024695 0.999695 -0.000000
0.000000 0.075261 -0.005897 1.000000
1.000000 -0.000000 0.000000 0.000000
0.000000 0.999695 -0.024695 0.000000
-0.000000 0.024695 0.999695 -0.000000
-0.000000 -1.162673 0.032486 1.000000
BoneName: mixamorig:Spine1
BoneIndex: 3
BoneParentIndex: 2
BoneChildCount: 1
4
1.000000 0.000000 -0.000000 0.000000
0.000000 0.999914 -0.013077 0.000000
-0.000000 0.013077 0.999914 -0.000000
0.000000 0.122081 0.000000 1.000000
1.000000 -0.000000 0.000000 0.000000
0.000000 0.999932 -0.011620 0.000000
-0.000000 0.011620 0.999932 -0.000000
-0.000000 -1.285069 0.015683 1.000000
BoneName: mixamorig:Spine2
BoneIndex: 4
BoneParentIndex: 3
BoneChildCount: 3
5
10
34
1.000000 0.000000 -0.000000 0.000000
0.000000 0.999932 -0.011620 0.000000
-0.000000 0.011620 0.999932 -0.000000
-0.000000 0.159323 0.000000 1.000000
1.000000 -0.000000 -0.000000 0.000000
0.000000 1.000000 0.000000 0.000000
-0.000000 -0.000000 1.000000 -0.000000
-0.000000 -1.444476 -0.001102 1.000000
BoneName: mixamorig:Neck
BoneIndex: 5
BoneParentIndex: 4
BoneChildCount: 1
6
1.000000 0.000000 -0.000000 0.000000
0.000000 1.000000 -0.000000 0.000000
-0.000000 -0.000000 1.000000 -0.000000
0.000000 0.280109 0.052020 1.000000
1.000000 -0.000000 -0.000000 0.000000
0.000000 1.000000 0.000000 0.000000
-0.000000 -0.000000 1.000000 -0.000000
-0.000000 -1.724586 -0.053122 1.000000
BoneName: mixamorig:Head
BoneIndex: 6
BoneParentIndex: 5
BoneChildCount: 3
7
8
9
1.000000 0.000000 -0.000000 0.000000
0.000000 1.000000 -0.000000 0.000000
-0.000000 -0.000000 1.000000 -0.000000
0.000000 0.137745 -0.036749 1.000000
1.000000 -0.000000 -0.000000 0.000000
0.000000 1.000000 0.000000 0.000000
-0.000000 -0.000000 1.000000 -0.000000
-0.000000 -1.862331 -0.016374 1.000000
BoneName: mixamorig:HeadTop_End
BoneIndex: 7
BoneParentIndex: 6
BoneChildCount: 0
1.000000 0.000000 -0.000000 0.000000
0.000000 1.000000 -0.000000 0.000000
-0.000000 -0.000000 1.000000 -0.000000
0.000000 0.155612 -0.014992 1.000000
1.000000 -0.000000 -0.000000 0.000000
0.000000 1.000000 0.000000 0.000000
-0.000000 -0.000000 1.000000 -0.000000
-0.000000 -2.017943 -0.001381 1.000000
BoneName: mixamorig:LeftEye
BoneIndex: 8
BoneParentIndex: 6
BoneChildCount: 0
1.000000 0.000000 -0.000000 0.000000
0.000000 1.000000 -0.000000 0.000000
-0.000000 -0.000000 1.000000 -0.000000
0.031735 0.034612 -0.077270 1.000000
1.000000 -0.000000 -0.000000 0.000000
0.000000 1.000000 0.000000 0.000000
-0.000000 -0.000000 1.000000 -0.000000
-0.031735 -1.896943 0.060896 1.000000
BoneName: mixamorig:RightEye
BoneIndex: 9
BoneParentIndex: 6
BoneChildCount: 0
1.000000 0.000000 -0.000000 0.000000
0.000000 1.000000 -0.000000 0.000000
-0.000000 -0.000000 1.000000 -0.000000
-0.031735 0.034609 -0.077270 1.000000
1.000000 -0.000000 -0.000000 0.000000
0.000000 1.000000 0.000000 0.000000
-0.000000 -0.000000 1.000000 -0.000000
0.031735 -1.896940 0.060896 1.000000
BoneName: mixamorig:LeftShoulder
BoneIndex: 10
BoneParentIndex: 4
BoneChildCount: 1
11
-0.259606 0.100743 0.960445 0.000000
0.895390 -0.347465 0.278468 0.000000
0.361775 0.932265 -0.000000 -0.000000
0.071274 0.240292 0.060534 1.000000
-0.259606 0.895390 0.361775 0.000000
0.100743 -0.347465 0.932265 0.000000
0.960445 0.278468 0.000000 -0.000000
-0.210423 0.504417 -1.596436 1.000000
BoneName: mixamorig:LeftArm
BoneIndex: 11
BoneParentIndex: 10
BoneChildCount: 1
12
0.960445 0.278468 -0.000000 0.000000
-0.259606 0.895390 0.361775 0.000000
0.100743 -0.347465 0.932265 -0.000000
0.000000 0.107752 -0.000000 1.000000
0.000000 1.000000 0.000000 0.000000
-0.000000 -0.000000 1.000000 0.000000
1.000000 -0.000000 -0.000000 -0.000000
-0.091641 -0.167754 -1.647328 1.000000
BoneName: mixamorig:LeftForeArm
BoneIndex: 12
BoneParentIndex: 11
BoneChildCount: 1
13
1.000000 0.000000 -0.000000 0.000000
0.000000 1.000000 -0.000000 0.000000
-0.000000 -0.000000 1.000000 -0.000000
-0.000000 0.252524 -0.000000 1.000000
0.000000 1.000000 0.000000 0.000000
-0.000000 -0.000000 1.000000 0.000000
1.000000 -0.000000 -0.000000 -0.000000
-0.091641 -0.420278 -1.647328 1.000000
BoneName: mixamorig:LeftHand
BoneIndex: 13
BoneParentIndex: 12
BoneChildCount: 5
14
18
22
26
30
1.000000 0.000000 -0.000000 0.000000
0.000000 1.000000 -0.000000 0.000000
-0.000000 -0.000000 1.000000 -0.000000
0.000000 0.321545 0.000000 1.000000
0.000000 1.000000 0.000000 0.000000
-0.000000 -0.000000 1.000000 0.000000
1.000000 -0.000000 -0.000000 -0.000000
-0.091641 -0.741822 -1.647328 1.000000
BoneName: mixamorig:LeftHandThumb1
BoneIndex: 14
BoneParentIndex: 13
BoneChildCount: 1
15
0.859299 0.510972 0.022672 0.000000
-0.448858 0.774611 -0.445537 0.000000
-0.245219 0.372673 0.894976 -0.000000
-0.050172 0.071153 -0.006013 1.000000
0.510972 0.774611 0.372673 0.000000
0.022672 -0.445537 0.894976 0.000000
0.859299 -0.448858 -0.245219 -0.000000
-0.488253 0.120141 -1.761744 1.000000
BoneName: mixamorig:LeftHandThumb2
BoneIndex: 15
BoneParentIndex: 14
BoneChildCount: 1
16
1.000000 0.000000 -0.000000 0.000000
0.000000 1.000000 -0.000000 0.000000
-0.000000 -0.000000 1.000000 -0.000000
0.000000 0.017098 -0.000000 1.000000
0.510972 0.774611 0.372673 0.000000
0.022672 -0.445537 0.894976 0.000000
0.859299 -0.448858 -0.245219 -0.000000
-0.488253 0.103043 -1.761744 1.000000
BoneName: mixamorig:LeftHandThumb3
BoneIndex: 16
BoneParentIndex: 15
BoneChildCount: 1
17
1.000000 0.000000 -0.000000 0.000000
0.000000 1.000000 -0.000000 0.000000
-0.000000 -0.000000 1.000000 -0.000000
0.000000 0.033501 -0.000000 1.000000
0.510972 0.774611 0.372673 0.000000
0.022672 -0.445537 0.894976 0.000000
0.859299 -0.448858 -0.245219 -0.000000
-0.488253 0.069542 -1.761744 1.000000
BoneName: mixamorig:LeftHandThumb4
BoneIndex: 17
BoneParentIndex: 16
BoneChildCount: 0
1.000000 0.000000 -0.000000 0.000000
0.000000 1.000000 -0.000000 0.000000
-0.000000 -0.000000 1.000000 -0.000000
0.000000 0.035002 -0.000000 1.000000
0.510972 0.774611 0.372673 0.000000
0.022672 -0.445537 0.894976 0.000000
0.859299 -0.448858 -0.245219 -0.000000
-0.488253 0.034540 -1.761744 1.000000
BoneName: mixamorig:LeftHandIndex1
BoneIndex: 18
BoneParentIndex: 13
BoneChildCount: 1
19
1.000000 0.000000 -0.000000 0.000000
0.000000 1.000000 -0.000000 0.000000
-0.000000 -0.000000 1.000000 -0.000000
-0.027993 0.141050 0.005062 1.000000
0.000000 1.000000 0.000000 0.000000
-0.000000 -0.000000 1.000000 0.000000
1.000000 -0.000000 -0.000000 -0.000000
-0.063649 -0.882872 -1.652390 1.000000
BoneName: mixamorig:LeftHandIndex2
BoneIndex: 19
BoneParentIndex: 18
BoneChildCount: 1
20
1.000000 0.000000 -0.000000 0.000000
0.000000 1.000000 -0.000000 0.000000
-0.000000 -0.000000 1.000000 -0.000000
-0.000000 0.031581 0.000000 1.000000
0.000001 1.000000 0.000000 0.000000
-0.000000 -0.000000 1.000000 0.000000
1.000000 -0.000001 -0.000000 -0.000000
-0.063649 -0.914454 -1.652390 1.000000
BoneName: mixamorig:LeftHandIndex3
BoneIndex: 20
BoneParentIndex: 19
BoneChildCount: 1
21
1.000000 0.000000 -0.000000 0.000000
0.000000 1.000000 -0.000000 0.000000
-0.000000 -0.000000 1.000000 -0.000000
-0.000000 0.030163 -0.000000 1.000000
0.000001 1.000000 0.000000 0.000000
0.000000 -0.000000 1.000000 0.000000
1.000000 -0.000001 -0.000000 -0.000000
-0.063650 -0.944617 -1.652390 1.000000
BoneName: mixamorig:LeftHandIndex4
BoneIndex: 21
BoneParentIndex: 20
BoneChildCount: 0
1.000000 0.000000 -0.000000 0.000000
0.000000 1.000000 -0.000000 0.000000
-0.000000 -0.000000 1.000000 -0.000000
-0.000000 0.029778 -0.000000 1.000000
0.000001 1.000000 0.000000 0.000000
0.000000 -0.000000 1.000000 0.000000
1.000000 -0.000001 -0.000000 -0.000000
-0.063650 -0.974395 -1.652390 1.000000
BoneName: mixamorig:LeftHandMiddle1
BoneIndex: 22
BoneParentIndex: 13
BoneChildCount: 1
23
1.000000 0.000000 -0.000000 0.000000
0.000000 1.000000 -0.000000 0.000000
-0.000000 -0.000000 1.000000 -0.000000
0.000144 0.150506 0.000024 1.000000
0.000001 1.000000 0.000000 0.000000
-0.000000 -0.000000 1.000000 0.000000
1.000000 -0.000001 -0.000000 -0.000000
-0.091786 -0.892329 -1.647352 1.000000
BoneName: mixamorig:LeftHandMiddle2
BoneIndex: 23
BoneParentIndex: 22
BoneChildCount: 1
24
1.000000 0.000000 -0.000000 0.000000
0.000000 1.000000 -0.000000 0.000000
-0.000000 -0.000000 1.000000 -0.000000
-0.000000 0.030150 -0.000000 1.000000
0.000001 1.000000 0.000000 0.000000
-0.000000 -0.000000 1.000000 0.000000
1.000000 -0.000001 -0.000000 -0.000000
-0.091787 -0.922479 -1.647352 1.000000
BoneName: mixamorig:LeftHandMiddle3
BoneIndex: 24
BoneParentIndex: 23
BoneChildCount: 1
25
1.000000 0.000000 -0.000000 0.000000
0.000000 1.000000 -0.000000 0.000000
-0.000000 -0.000000 1.000000 -0.000000
-0.000000 0.034812 -0.000000 1.000000
0.000000 1.000000 -0.000004 0.000000
-0.000000 0.000004 1.000000 0.000000
1.000000 -0.000000 0.000000 -0.000000
-0.091786 -0.957298 -1.647348 1.000000
BoneName: mixamorig:LeftHandMiddle4
BoneIndex: 25
BoneParentIndex: 24
BoneChildCount: 0
1.000000 0.000000 -0.000000 0.000000
0.000000 1.000000 -0.000000 0.000000
-0.000000 -0.000000 1.000000 -0.000000
-0.000000 0.037210 -0.000000 1.000000
0.000000 1.000000 -0.000004 0.000000
-0.000000 0.000004 1.000000 0.000000
1.000000 -0.000000 0.000000 -0.000000
-0.091786 -0.994509 -1.647348 1.000000
BoneName: mixamorig:LeftHandRing1
BoneIndex: 26
BoneParentIndex: 13
BoneChildCount: 1
27
1.000000 0.000000 -0.000000 0.000000
0.000000 1.000000 -0.000000 0.000000
-0.000000 -0.000000 1.000000 -0.000000
0.033269 0.147808 0.000010 1.000000
0.000001 1.000000 0.000000 0.000000
-0.000000 -0.000000 1.000000 0.000000
1.000000 -0.000001 -0.000000 -0.000000
-0.124911 -0.889630 -1.647338 1.000000
BoneName: mixamorig:LeftHandRing2
BoneIndex: 27
BoneParentIndex: 26
BoneChildCount: 1
28
1.000000 0.000000 -0.000000 0.000000
0.000000 1.000000 -0.000000 0.000000
-0.000000 -0.000000 1.000000 -0.000000
-0.000000 0.029237 -0.000000 1.000000
0.000001 1.000000 0.000000 0.000000
0.000000 -0.000000 1.000000 0.000000
1.000000 -0.000001 -0.000000 -0.000000
-0.124911 -0.918867 -1.647338 1.000000
BoneName: mixamorig:LeftHandRing3
BoneIndex: 28
BoneParentIndex: 27
BoneChildCount: 1
29
1.000000 -0.000011 -0.000000 0.000000
0.000011 1.000000 -0.000019 0.000000
0.000000 0.000019 1.000000 -0.000000
-0.000000 0.029492 0.000000 1.000000
-0.000011 1.000000 0.000019 0.000000
-0.000000 -0.000019 1.000000 0.000000
1.000000 0.000011 0.000000 -0.000000
-0.124900 -0.948330 -1.647356 1.000000
BoneName: mixamorig:LeftHandRing4
BoneIndex: 29
BoneParentIndex: 28
BoneChildCount: 0
1.000000 0.000000 -0.000000 0.000000
0.000000 1.000000 -0.000000 0.000000
-0.000000 -0.000000 1.000000 -0.000000
-0.000000 0.024444 0.000000 1.000000
-0.000011 1.000000 0.000019 0.000000
-0.000000 -0.000019 1.000000 0.000000
1.000000 0.000011 0.000000 -0.000000
-0.124900 -0.972774 -1.647356 1.000000
BoneName: mixamorig:LeftHandPinky1
BoneIndex: 30
BoneParentIndex: 13
BoneChildCount: 1
31
1.000000 -0.000016 -0.000000 0.000000
0.000016 1.000000 0.000005 0.000000
-0.000000 -0.000005 1.000000 -0.000000
0.052323 0.124907 0.005158 1.000000
-0.000016 1.000000 -0.000005 0.000000
-0.000000 0.000005 1.000000 0.000000
1.000000 0.000016 -0.000000 -0.000000
-0.143950 -0.866741 -1.652482 1.000000
BoneName: mixamorig:LeftHandPinky2
BoneIndex: 31
BoneParentIndex: 30
BoneChildCount: 1
32
1.000000 0.000017 -0.000000 0.000000
-0.000017 1.000000 0.000011 0.000000
0.000000 -0.000011 1.000000 -0.000000
-0.000000 0.028492 0.000000 1.000000
0.000001 1.000000 -0.000016 0.000000
-0.000000 0.000016 1.000000 0.000000
1.000000 -0.000001 0.000000 -0.000000
-0.143966 -0.895248 -1.652472 1.000000
BoneName: mixamorig:LeftHandPinky3
BoneIndex: 32
BoneParentIndex: 31
BoneChildCount: 1
33
1.000000 -0.000001 -0.000000 0.000000
0.000001 1.000000 -0.000016 0.000000
0.000000 0.000016 1.000000 -0.000000
-0.000000 0.028050 0.000000 1.000000
0.000000 1.000000 -0.000000 0.000000
-0.000000 0.000000 1.000000 0.000000
1.000000 -0.000000 0.000000 -0.000000
-0.143965 -0.923272 -1.652487 1.000000
BoneName: mixamorig:LeftHandPinky4
BoneIndex: 33
BoneParentIndex: 32
BoneChildCount: 0
1.000000 0.000000 -0.000000 0.000000
0.000000 1.000000 -0.000000 0.000000
-0.000000 -0.000000 1.000000 -0.000000
-0.000000 0.028490 -0.000000 1.000000
0.000000 1.000000 -0.000000 0.000000
-0.000000 0.000000 1.000000 0.000000
1.000000 -0.000000 0.000000 -0.000000
-0.143965 -0.951762 -1.652487 1.000000
BoneName: mixamorig:RightShoulder
BoneIndex: 34
BoneParentIndex: 4
BoneChildCount: 1
35
-0.259606 -0.100743 -0.960445 0.000000
-0.895390 -0.347466 0.278468 0.000000
-0.361776 0.932265 -0.000000 -0.000000
-0.071274 0.240293 0.060534 1.000000
-0.259606 -0.895390 -0.361776 0.000000
-0.100743 -0.347466 0.932265 0.000000
-0.960445 0.278468 0.000000 -0.000000
0.210423 0.504418 -1.596438 1.000000
BoneName: mixamorig:RightArm
BoneIndex: 35
BoneParentIndex: 34
BoneChildCount: 1
36
0.960445 -0.278468 -0.000000 0.000000
0.259606 0.895390 0.361776 0.000000
-0.100743 -0.347466 0.932265 -0.000000
-0.000000 0.107752 -0.000000 1.000000
0.000000 -1.000000 -0.000000 0.000000
0.000000 -0.000000 1.000000 0.000000
-1.000000 -0.000000 -0.000000 -0.000000
0.091641 -0.167754 -1.647330 1.000000
BoneName: mixamorig:RightForeArm
BoneIndex: 36
BoneParentIndex: 35
BoneChildCount: 1
37
1.000000 0.000000 -0.000000 0.000000
0.000000 1.000000 -0.000000 0.000000
-0.000000 -0.000000 1.000000 -0.000000
0.000000 0.252524 0.000000 1.000000
0.000000 -1.000000 -0.000000 0.000000
0.000000 -0.000000 1.000000 0.000000
-1.000000 -0.000000 -0.000000 -0.000000
0.091641 -0.420278 -1.647330 1.000000
BoneName: mixamorig:RightHand
BoneIndex: 37
BoneParentIndex: 36
BoneChildCount: 0
1.000000 0.000000 -0.000000 0.000000
0.000000 1.000000 -0.000000 0.000000
-0.000000 -0.000000 1.000000 -0.000000
-0.000000 0.321544 -0.000000 1.000000
0.000000 -1.000000 -0.000000 0.000000
0.000000 -0.000000 1.000000 0.000000
-1.000000 -0.000000 -0.000000 -0.000000
0.091641 -0.741822 -1.647330 1.000000
BoneName: mixamorig:LeftUpLeg
BoneIndex: 38
BoneParentIndex: 1
BoneChildCount: 1
39
-1.000000 0.000002 -0.000000 0.000000
-0.000002 -0.999854 -0.017112 0.000000
-0.000000 -0.017112 0.999854 -0.000000
0.099284 -0.021504 -0.001013 1.000000
-1.000000 0.000000 0.000000 0.000000
-0.000000 -0.999854 -0.017112 0.000000
0.000000 -0.017112 0.999854 -0.000000
0.099284 1.066218 0.017128 1.000000
BoneName: mixamorig:LeftLeg
BoneIndex: 39
BoneParentIndex: 38
BoneChildCount: 1
40
1.000000 0.000000 -0.000000 0.000000
0.000000 0.995411 0.095692 0.000000
-0.000000 -0.095692 0.995411 -0.000000
-0.000000 0.488533 -0.000000 1.000000
-1.000000 0.000000 0.000000 0.000000
-0.000000 -0.996903 0.078644 0.000000
0.000000 0.078644 0.996903 -0.000000
0.099284 0.576673 -0.038230 1.000000
BoneName: mixamorig:LeftFoot
BoneIndex: 40
BoneParentIndex: 39
BoneChildCount: 1
41
0.975465 0.094744 -0.198727 0.000000
-0.216541 0.575801 -0.788393 0.000000
0.039732 0.812082 0.582190 -0.000000
0.000000 0.486710 -0.000000 1.000000
-0.975465 0.216541 -0.039731 0.000000
-0.110079 -0.636020 -0.763781 0.000000
-0.190660 -0.740667 0.644252 -0.000000
0.112969 0.060442 0.054745 1.000000
BoneName: mixamorig:LeftToeBase
BoneIndex: 41
BoneParentIndex: 40
BoneChildCount: 1
42
0.993834 -0.060132 -0.093160 0.000000
-0.013489 0.768369 -0.639865 0.000000
0.110057 0.637176 0.762819 -0.000000
0.000000 0.146000 -0.000000 1.000000
-0.978769 0.204964 0.000310 0.000000
-0.000002 0.001504 -0.999999 0.000000
-0.204965 -0.978768 -0.001472 -0.000000
0.112317 -0.102293 -0.000322 1.000000
BoneName: mixamorig:LeftToe_End
BoneIndex: 42
BoneParentIndex: 41
BoneChildCount: 0
1.000000 0.000000 -0.000000 0.000000
0.000000 1.000000 -0.000000 0.000000
-0.000000 -0.000000 1.000000 -0.000000
0.000000 0.128900 0.000000 1.000000
-0.978769 0.204964 0.000310 0.000000
-0.000002 0.001504 -0.999999 0.000000
-0.204965 -0.978768 -0.001472 -0.000000
0.112317 -0.231193 -0.000322 1.000000
BoneName: mixamorig:RightUpLeg
BoneIndex: 43
BoneParentIndex: 1
BoneChildCount: 1
44
-1.000000 0.000002 -0.000000 0.000000
-0.000002 -0.999854 -0.017112 0.000000
-0.000000 -0.017112 0.999854 -0.000000
-0.099285 -0.021499 -0.001013 1.000000
-1.000000 -0.000000 0.000000 0.000000
-0.000000 -0.999854 -0.017112 0.000000
0.000000 -0.017112 0.999854 -0.000000
-0.099284 1.066223 0.017128 1.000000
BoneName: mixamorig:RightLeg
BoneIndex: 44
BoneParentIndex: 43
BoneChildCount: 1
45
1.000000 0.000000 -0.000000 0.000000
0.000000 0.995411 0.095692 0.000000
-0.000000 -0.095692 0.995411 -0.000000
-0.000000 0.488538 0.000000 1.000000
-1.000000 0.000000 0.000000 0.000000
-0.000000 -0.996903 0.078644 0.000000
0.000000 0.078644 0.996903 -0.000000
-0.099284 0.576674 -0.038230 1.000000
BoneName: mixamorig:RightFoot
BoneIndex: 45
BoneParentIndex: 44
BoneChildCount: 1
46
0.975464 -0.094743 0.198731 0.000000
0.216544 0.575803 -0.788390 0.000000
-0.039735 0.812080 0.582191 -0.000000
0.000000 0.486710 0.000000 1.000000
-0.975464 -0.216544 0.039735 0.000000
0.110078 -0.636022 -0.763779 0.000000
0.190664 -0.740665 0.644253 -0.000000
-0.112969 0.060442 0.054745 1.000000
BoneName: mixamorig:RightToeBase
BoneIndex: 46
BoneParentIndex: 45
BoneChildCount: 1
47
0.993834 0.060140 0.093156 0.000000
0.013480 0.768372 -0.639861 0.000000
-0.110060 0.637172 0.762823 -0.000000
0.000000 0.146000 -0.000000 1.000000
-0.978770 -0.204961 -0.000305 0.000000
-0.000002 0.001495 -0.999999 0.000000
0.204961 -0.978769 -0.001464 -0.000000
-0.112318 -0.102293 -0.000321 1.000000
BoneName: mixamorig:RightToe_End
BoneIndex: 47
BoneParentIndex: 46
BoneChildCount: 0
1.000000 0.000000 -0.000000 0.000000
0.000000 1.000000 -0.000000 0.000000
-0.000000 -0.000000 1.000000 -0.000000
0.000000 0.128900 0.000000 1.000000
-0.978770 -0.204961 -0.000305 0.000000
-0.000002 0.001495 -0.999999 0.000000
0.204961 -0.978769 -0.001464 -0.000000
-0.112318 -0.231192 -0.000321 1.000000
BoneName: Prisoner
BoneIndex: 48
BoneParentIndex: 0
BoneChildCount: 0
1.000000 0.000000 -0.000000 0.000000
0.000000 1.000000 -0.000000 0.000000
-0.000000 -0.000000 1.000000 -0.000000
0.000000 0.000000 -0.000000 1.000000
1.000000 0.000000 0.000000 0.000000
0.000000 1.000000 0.000000 0.000000
0.000000 0.000000 1.000000 0.000000
0.000000 0.000000 0.000000 1.000000
